P(1) = 1729.000000 
P(2) = 2119.000000 
P(3) = 2056.000000 
P(4) = 1512.000000 
P(5) = 792.000000 