P(1) = 27.000000 
P(2) = 30.000000 
P(3) = 26.000000 