P(1) = -34.000000 
P(2) = -31.000000 
P(3) = 4.000000 
P(4) = 36.000000 