P(1) = 224.000000 
P(2) = 200.000000 
P(3) = 120.000000 