ans =

    0.9869


     Inline function:
     f(x) = 1/x

     1

    2.7000

    25
