ans =

    0.9807


     Inline function:
     f(x) = 1/x

     1

    2.7100

    10

